023008050080900470000500000091030000000800506000004000000060000709080005600002308423178659185926473976543182591637824247819536368254791812365947739481265654792318540001
005000000004021090100400007050060030309000706060010050000000800900003004070850300725689143834721695196435287258967431319548726467312958543196872981273564672854319540002
000000000200600080190030000000800000300000109006700000008000040000010300007000000865174293273659481194238765741893526382546179956721834518362947629417358437985612540003
500030000010000009003070604730800460002706000000000000950182000040000018020000000579634821614258739283971654735819462192746583468325197957182346346597218821463975540004
010000000000070030050900008000063040098000001000000000300000000000500009600020000817345296964278135253916478521863947498752361736194852379681524142537689685429713540005
090060000000000408000000005000000000400800700070030060000096030200000000508000000195468327627953418384217695953674281416829753872135964741596832239781546568342179540006
205030091000090750800000000000620000000105040001000300000000005730001904069004000245736891316498752897512436478623519923185647651947328184369275732851964569274183540007
040009100508700000090580004080000001059017062002000090001406030900020040000300209743269185518743926296581374684932751359817462172654893821496537937125648465378219540008
080000300100809600000000004700013002005080030800250001060701009500000000070000400682145397143879625957326814794613582215984736836257941468731259529468173371592468540009
600000003000901000007008000008020000000050604001000000009000010400076000000000000685742193234961578197538462548627931972153684361894725729485316413276859856319247540010
