00057310040008000900000607804901206380630704000100420565312849770063950219200580096857312443728165921549637854981276382635794137196428565312849778463951219274583611
00100005000020630000501308798000000401000487670316892546982070035790126012003054963178945287425639129541368798657213451239487674316892546982571335794126812863754912
00020000700279000010080004300960000042503100878645293106310782990800601404050037685421369763279418519786524331967845242593176878645293156314782997832651424158937613
00009005007060000008000201000005300072094603805081704056342918020738100541076039263219875417563482998457261384625397172194653835981724656342918729738146541876539214
09000007340000800005100600007053200062087000904361050058014370631496708090028510429845167343672895175139684217953246862587431984361952758214379631496728596728513415
56000037070000800002090000089000600120578004641609270305400319817384962500201543756812437974936851232195786489743625123578194641659278365427319817384962598261543716
00040000050809700001200069035001487680100005207683540912076090570410923800034206069742158353869712441258369735921487684197635227683541912376894576415923898534276117
07000860000001000203000000530582719040000680002019400094867325175320190800650974357243861968491537213976248536582719449135682782719453694867325175324196821658974318
05000003000001000700800900080027006002634198504090070068013700917056204323549860195762413846281359731875942689127536472634198554398671268413725917956284323549867119
000070080102000940000021073000009007219086354060530819841397006025614000706258430634975182172863945958421673583149267219786354467532819841397526325614798796258431110
