010000820000090000020070030034008000000002000005000009000000080000000000709050000913645827478293651526871934234918576197562348865437219651729483342186795789354162210001
000002000300900600000005000070000000000080300024000080000060000050000002100030070965342718312978654748615293873129465591486327624753981237561849456897132189234576210002
000087000010000050060000000058000000000003207000200000000150040000000000307000900532487196719326854864915372258671439691543287473298561986152743145739628327864915210003
000060009030010060000002180508000900007000410000031000020007000801040005900006003184765329239418567756392184518674932367529418492831756623957841871243695945186273210004
003000060000400000010000090000000003090050000800000704004000007000020000500091000243975861689412375715638492156847923497253618832169754924586137361724589578391246210005
200000000050060039047002500090000008800107000000029300072400003000000900300005084236951847158764239947382561793546128825137496614829375572498613481673952369215784210006
800040000036000100090708000001460002000000000080209060000004600100000024000950007817643259436592178295718436971465382623871945584239761758124693169387524342956817210007
900000000850000000000070006007000601000900000000008000000000007000500380001060200972685413856134972143279856487352691215946738639718524528493167764521389391867245210008
000600300000000560010007000080000002000506000000000400000090000305000000000081007258614379947238561613957824584173692129546783736829415871495236395762148462381957210009
030007600001500000000000008960000000000000000080140005000009000004000001000036000532987614871564239496321758965872143143695827287143965358219476624758391719436582210010
