005000010000700000000204300200000000400000007000050860008000000001930000000000002745683219312795486869214375256847931483169527197352864978421653521936748634578192320001
003000007000000000020580100000900036040000000180020000000000000000000800007306000513294687798631542624587193275918436349765218186423759961852374432179865857346921320002
000400001060000030005070000000000060000000200407900000080000409000000000050063000829435671761289534345671892218547963596318247437926185683752419172894356954163728320003
000000018300007000400600000091050000008000000000000406700003200000700000005000090956234718312897564487615923691458372248376159573921486769583241124769835835142697320004
420008070600000000000590000003000000080002040700000800005000000008000900000004006429138675651247398837596214213485769586972143794361852365729481148653927972814536320005
000040020014000300003700065090071600000005003067200000000060210800000000000402009658943127714526398923718465495371682281695743367284951539867214842139576176452839320006
040000020000800000003500000000009002008700000000000041000001000020004000000000538849173625561892473273546189736419852418725396952638741387951264625384917194267538320007
040000209000380000000000006800000030700000000020009000308000050000012000500000000643175289297386145185294376859421637731658924426739518318967452974512863562843791320008
000000000070308000000000091904060000001000000000500807000807500009000040000000000495126378176398452238475691984761235751283964362549817643817529819652743527934186320009
040036200091004000000000100470000010000300000020700053086400002000500800910070400547136289891254367362987145473625918658391724129748653786413592234569871915872436320010
