100000400003906000000000000000005000006000003000014080000200036500000000400800000178532469243986751695471328814395672956728143327614985781249536532167894469853217430001
000690207000000040028300600003051084800000020150480300096073000300000000005009803514698237639712548728345619963251784847936125152487396296873451381564972475129863430002
000075008410900007070010043000008014081500000000000000046000020007290000002004380263475198415983267978612543759328614681547932324169875546831729837296451192754386430003
102000008000900000008000000000002000070000000090600740000000900005008000040700600132567498457983216968214537514372869276849153893651742781436925625198374349725681430004
001709000000000050040000300000400000008000609000530000600002008000000001050000000361759284982643157745281396216498735538127649479536812694312578823975461157864923430005
060092408000300700900008063270000000803000604000000021720600009009007000106480030367592418584316792912748563271964385893251674645873921728635149439127856156489237430006
090400007300090000070130500730968000000000000000375086500010090000700005006850010295486137361597824874132569732968451658241973419375286527614398183729645946853712430007
002000700705019000060000005020053090009840051800000200400000030000430580010000007132584769745619328968327415621753894379842651854196273486975132297431586513268947430008
002400610700060004000050000240080503307005800080300092600030008078001050000090000832479615715862934964153287241986573397245861586317492659734128478621359123598746430009
070354000503006070008000000030601807017430200000900000000000001000218700100040023271354698543896172968172435439621857817435269652987314724563981395218746186749523430010
